4294967279,95
4294967279,93
4294967279,89
4294967279,63
4294967279,39
4294967279,17
4294967279,15
4294967279,6
4294967278,406
4294967278,118
4294967278,342
4294967278,97
4294967278,96
4294967278,85
4294967278,84
4294967278,260
4294967279,97
4294967279,96
4294967279,87
4294967279,86
4294967279,556
4294967279,0
4294967279,376
4294967279,236
4294967279,235
4294967278,438
4294967279,217
4294967278,416
1821,5
1821,4
4294967279,207
1821,3
1821,2
1821,1
4294967294,465
4294967294,404
4294967294,467
4294967279,202
4294967279,201
4294967278,200
4294967278,82
4294967278,195
1819,6
1819,5
1819,4
1819,3
1819,2
1819,1
4294967294,107
4294967294,17
4294967294,99
4294967294,76
4294967294,1098
4294967278,162
1816,6
1816,5
4294967279,159
1816,4
1816,3
1816,2
1816,1
4294967278,436
0,7
4294967294,0
4294967294,1
4294967294,1016
1813,7
1813,6
1813,5
1813,4
1813,3
1813,2
1813,1
4294967278,278
4294967294,1418
1810,6
1810,5
1810,4
1810,3
1810,2
1810,1
4294967278,433
1807,5
1807,4
1807,3
1807,2
1807,1
4294967279,296
4294967294,1003
4294967294,81
4294967294,50
4294967279,294
4294967278,430
4294967279,196
1805,5
1805,4
1805,3
1805,2
1805,1
4294967278,196
4294967294,29
4294967294,187
4294967294,399
4294967294,2
4294967294,1173
4294967294,453
1803,4
1803,3
1803,2
1803,1
4294967278,186
1802,6
4294967278,71
1802,5
4294967279,182
4294967278,181
1802,4
1802,3
1802,2
1802,1
4294967278,180
1801,5
1801,4
1801,3
1801,2
1801,1
4294967279,325
4294967278,166
1800,5
1800,4
1800,3
1800,2
1800,1
4294967278,376
4294967278,429
4294967278,432
4294967279,335
4294967294,91
4294967294,90
4294967294,87
4294967294,86
4294967294,85
4294967294,84
4294967294,419
1798,5
1798,4
1798,3
1798,2
1798,1
4294967278,428
1797,4
1797,3
1797,2
1797,1
4294967279,291
4294967279,290
4294967294,164
36,4
32,6
36,6
39,5
4294967278,70
4294967278,68
4294967278,317
4294967279,30
4294967278,427
1796,5
1796,4
1796,2
1796,1
4294967294,1175
4294967294,1174
4294967294,1017
4294967294,28
4294967294,27
4294967294,1018
4294967294,26
1794,6
1794,5
1794,4
1794,2
1794,1
4294967279,287
4294967278,425
1791,6
1791,5
1791,4
1791,3
1791,2
1791,1
4294967294,476
4294967294,67
4294967279,571
4294967294,417
4294967278,318
4294967294,38
4294967294,37
4294967294,36
4294967294,41
4294967294,40
4294967294,39
4294967294,1420
4294967294,45
4294967294,44
4294967294,53
4294967294,52
4294967278,424
4294967294,436
4294967294,43
4294967294,51
4294967294,25
4294967278,157
4294967279,286
4294967278,152
1788,7
4294967279,333
4294967278,339
4294967278,148
4294967279,33
1788,6
1788,5
1788,4
1788,3
1788,2
1788,1
4294967278,133
4294967278,276
4294967278,316
4294967279,278
4294967294,42
4294967278,281
4294967294,96
4294967294,94
1785,6
1785,5
4294967294,9
4294967294,8
1785,4
1785,2
1785,1
4294967294,22
4294967294,93
4294967294,95
4294967294,1423
4294967294,1419
4294967294,83
4294967294,1101
4294967294,82
4294967278,380
4294967294,92
4294967294,88
1782,5
1782,4
1782,3
1782,2
1782,1
4294967278,422
4294967294,7
1780,5
1780,4
1780,3
1780,2
1780,1
1778,4
1778,3
1778,2
1778,1
4294967278,384
1777,6
1777,5
1777,4
1777,3
1777,2
1777,1
1776,5
1776,4
1776,3
1776,2
1776,1
4294967279,269
1775,5
1775,4
1775,3
1775,2
1775,1
1773,5
1773,4
1773,3
1773,2
1773,1
1772,4
1772,3
1772,2
1772,1
4294967294,178
4294967279,267
4294967279,266
4294967279,332
4294967279,92
4294967279,90
4294967279,8
4294967279,7
4294967278,265
4294967278,285
4294967279,331
4294967279,253
4294967279,281
4294967294,161
4294967279,259
1771,5
1771,4
1771,2
1771,1
4294967278,420
4294967278,236
4294967278,234
4294967279,233
4294967279,575
1769,6
1769,5
4294967279,209
1769,4
1769,2
1769,1
4294967279,94
4294967279,91
4294967279,304
1766,6
1766,5
1766,4
1766,3
1766,2
1766,1
4294967279,327
4294967294,413
4294967294,168
4294967294,406
1763,7
4294967279,574
1763,6
1763,5
1763,4
1763,3
1763,2
1763,1
4294967279,555
4294967279,268
4294967279,284
4294967278,305
1760,6
1760,5
1760,4
1760,2
1760,1
4294967294,1012
1757,5
1757,4
1757,3
1757,2
1757,1
1755,5
1755,4
1755,3
1755,2
1755,1
1753,4
1753,3
1753,2
1753,1
4294967278,213
4294967278,415
1752,6
1752,5
1752,4
1752,3
1752,2
1752,1
4294967294,191
4294967294,184
1751,5
1751,4
1751,3
1751,2
1751,1
4294967294,475
4294967278,413
1750,5
1750,4
1750,3
1750,2
1750,1
4294967279,137
4294967279,532
4294967294,427
4294967278,412
1748,5
1748,4
1748,3
1748,2
1748,1
1747,4
1747,3
1747,2
1747,1
4294967278,409
4294967278,408
4294967278,311
4294967278,403
4294967278,333
4294967278,264
0,5
1746,5
1746,4
1746,2
1746,1
4294967294,12
4294967294,1006
4294967278,402
4294967278,401
4294967278,0
1744,6
1744,5
1744,4
1744,2
1744,1
4294967279,379
4294967294,5
4294967279,524
4294967294,6
4294967293,131
4294967293,130
4294967293,129
4294967293,128
4294967293,127
4294967293,126
4294967293,125
4294967293,124
4294967293,123
4294967293,122
4294967293,121
4294967293,120
4294967293,119
4294967293,118
4294967293,117
4294967293,116
4294967293,115
4294967293,114
4294967293,113
4294967293,112
4294967293,111
4294967293,110
4294967293,109
4294967293,108
4294967293,107
4294967293,106
4294967293,105
4294967293,104
4294967293,103
4294967293,102
4294967293,101
4294967293,100
4294967293,99
4294967293,98
4294967293,97
4294967293,96
4294967293,95
4294967293,94
4294967293,93
4294967293,92
4294967293,91
4294967293,90
4294967293,89
4294967293,87
4294967293,86
4294967293,85
4294967293,84
4294967293,83
4294967293,82
4294967293,81
4294967293,80
4294967293,79
4294967293,78
4294967293,77
4294967293,76
4294967293,75
4294967293,74
4294967293,73
4294967293,72
4294967293,71
4294967293,70
4294967293,69
4294967293,68
4294967293,67
4294967293,66
4294967293,65
4294967293,64
4294967293,63
4294967293,62
4294967293,61
4294967293,60
4294967293,59
4294967293,58
4294967293,57
4294967293,56
4294967293,55
4294967293,54
4294967293,53
4294967293,52
4294967293,51
4294967293,50
4294967293,49
4294967293,48
4294967293,47
4294967293,46
4294967293,45
4294967293,44
4294967293,43
4294967293,42
4294967293,41
4294967293,40
4294967293,39
4294967293,38
4294967293,37
4294967293,36
4294967293,35
4294967293,34
4294967293,33
4294967293,32
4294967293,31
4294967293,30
4294967293,29
4294967293,28
4294967293,27
4294967293,26
4294967293,25
4294967293,24
4294967293,23
4294967293,22
4294967293,21
4294967293,20
4294967293,19
4294967293,18
4294967293,17
4294967293,16
4294967293,15
4294967293,14
4294967293,13
4294967293,12
4294967293,11
4294967293,10
4294967293,9
4294967293,8
4294967293,7
4294967293,6
4294967293,5
4294967293,4
4294967293,3
4294967278,387
4294967278,53
4294967278,51
4294967278,50
4294967278,49
4294967278,46
4294967278,43
4294967278,41
4294967278,40
4294967278,39
4294967278,38
4294967278,37
4294967278,30
4294967278,26
4294967278,17
4294967278,14
4294967278,13
4294967278,12
4294967278,11
4294967278,7
4294967278,4
4294967279,131
4294967279,130
4294967279,129
4294967279,128
4294967279,353
4294967279,123
4294967279,121
4294967279,120
4294967279,119
4294967279,118
4294967279,117
4294967279,116
4294967279,114
4294967279,107
4294967279,101
4294967279,100
4294967279,85
4294967279,71
4294967279,57
4294967279,43
4294967279,38
4294967279,2
4294967279,13
4294967279,103
1741,6
1741,5
1741,4
1741,3
1741,2
1741,1
4294967279,193
4294967279,192
4294967278,255
4294967279,569
4294967279,66
1738,7
4294967279,170
1738,6
1738,5
1738,4
1738,3
1738,2
1738,1
4294967278,400
4294967279,164
1735,6
1735,5
1735,4
1735,2
1735,1
4294967279,25
4294967278,399
4294967279,352
4294967278,398
4294967279,276
4294967279,338
1732,5
1732,4
1732,3
1732,2
1732,1
4294967279,512
1730,5
1730,4
1730,3
1730,2
1730,1
4294967279,247
1728,4
1728,3
1728,2
1728,1
4294967279,321
4294967279,156
1727,6
4294967279,311
1727,5
1727,4
1727,3
1727,2
1727,1
4294967279,102
1726,5
1726,4
1726,3
1726,2
1726,1
4294967294,407
4294967294,410
4294967294,160
4294967294,386
4294967279,562
4294967278,201
1725,5
4294967279,203
1725,4
4294967278,202
1725,3
1725,2
1725,1
4294967294,1011
4294967279,561
1723,5
4294967279,189
1723,4
4294967278,188
1723,3
1723,2
1723,1
4294967278,187
4294967279,185
1722,4
1722,3
1722,2
1722,1
4294967279,183
4294967279,567
4294967279,168
4294967278,61
4294967278,60
4294967278,57
4294967278,47
4294967278,34
4294967278,25
4294967278,24
4294967278,20
4294967278,15
4294967278,9
4294967278,8
4294967279,58
4294967279,40
4294967279,34
4294967279,31
4294967279,528
4294967279,29
4294967278,48
4294967279,48
4294967279,252
4294967278,159
4294967279,157
4294967279,544
4294967278,149
4294967279,560
4294967278,23
4294967279,244
4294967278,306
1721,5
1721,4
1721,2
1721,1
4294967278,337
4294967278,6
4294967279,258
4294967278,386
4294967278,389
1719,6
1719,5
1719,4
1719,2
1719,1
4294967278,238
4294967279,104
4294967279,280
1716,6
1716,5
1716,4
1716,3
1716,2
1716,1
4294967278,205
